192.168.21.0

1100 0000. 1010 1000. 0001 0101. 0000 0000.0000 0000

1111 1111. 1111 1111. 1111 1111. 1111 1111.0000 0000

2^6 = 64 - 2 = 62 > 33

первая подсеть:

начальный адрес: 	1100 0000. 1010 1000. 0001 0101.00| 00 0000

конечный адрес: 	1100 0000. 1010 1000. 0001 0101.00| 11 1111

маска: 			1111 1111. 1111 1111. 1111 1111. 1111 1111.1100 0000

пятая подсеть

начальный адрес: 	1100 0000. 1010 1000. 0001 0101.01| 00 0000

конечный адрес: 	1100 0000. 1010 1000. 0001 0101.01| 11 1111

маска: 			1111 1111. 1111 1111. 1111 1111.1100 0000

2^3 = 8 - 2 = 6

вторая подсеть:

начальный адрес: 	1100 0000. 1010 1000. 0001 0101.1000 0|000

конечный адрес: 	1100 0000. 1010 1000. 0001 0101.1000 0|111

маска: 			1111 1111. 1111 1111. 1111 1111.1111 1000

четвёртая подсеть:

начальный адрес: 	1100 0000. 1010 1000. 0001 0101.1000 1|000

конечный адрес: 	1100 0000. 1010 1000. 0001 0101.1000 1|111

маска: 			1111 1111. 1111 1111. 1111 1111.1111 1000

2^2 = 4 - 2 = 2

третья подсеть:

начальный адрес: 	1100 0000. 1010 1000. 0001 0101.1001 00|00

конечный адрес: 	1100 0000. 1010 1000. 0001 0101.1001 00|11

маска: 			1111 1111. 1111 1111. 1111 1111`.1111 1100